0,0,100
0,0,150
0,50,150
0,50,200
0,100,0
0,100,50
0,100,100
0,100,150
0,100,200
0,100,250
0,100,300
0,100,350
0,150,50
0,150,150
0,150,200
0,150,250
0,200,0
0,200,50
0,200,150
0,200,250
0,250,100
0,250,150
0,250,200
0,250,250
0,250,300
0,250,350
0,300,300
0,350,300
1,0,400
1,50,400
1,100,0
1,100,50
1,100,100
1,100,150
1,100,200
1,100,250
1,100,300
1,100,350
1,100,400
1,100,450
1,150,50
1,150,400
1,200,100
1,200,150
1,200,200
1,200,350
1,250,100
1,250,250
1,250,300
1,300,150
1,300,200
1,300,250
1,350,200
1,400,100
1,400,150
1,400,200
1,400,250
1,400,300
1,450,0
1,450,50
1,450,100
1,450,250
